187 182
245 111
185 153
247 80
138 125
144 164
151 183
158 224
222 242
142 268
121 320
122 360
131 321
152 283
223 257
173 295
165 333
182 374
175 331
187 299
234 269
212 303
209 333
222 357
219 330
220 307
240 276
251 299
295 290
342 302
368 285
381 310
372 341
365 354
383 340
392 309
373 276
415 293
413 318
395 346
426 317
424 286
384 263
424 255
458 291
439 338
470 285
432 237
373 243
432 186
433 140
342 76
387 147
337 127
388 167
406 169
407 185
355 224
335 228
331 214
338 207
316 197
316 209
322 215
325 222
300 225
297 212
304 208
292 194
281 201
283 210
289 215
285 223
236 218
223 222
177 206
